{
    "w": 1080,
    "h": 1920,
    "fl_x": 1827.4656058900032,
    "fl_y": 1835.8261572691522,
    "cx": 530.5747012525043,
    "cy": 736.9843032774967,
    "k1": -0.07190885818945125,
    "k2": 0.1917781337513556,
    "p1": -0.011884705141704033,
    "p2": -0.001469501927824251,
    "camera_model": "OPENCV",
    "frames": [
        {
            "file_path": "images/frame_00001.png",
            "transform_matrix": [
                [
                    -0.5687271194227047,
                    -0.1455062884718358,
                    0.809553817635556,
                    2.927398704706607
                ],
                [
                    0.8207856737365614,
                    -0.036399549598784546,
                    0.5700753902580117,
                    2.065043913672589
                ],
                [
                    -0.05348215984766582,
                    0.9886875101892187,
                    0.1401308880078628,
                    0.3043502375909502
                ],
                [
                    0.0,
                    0.0,
                    0.0,
                    1.0
                ]
            ],
            "colmap_im_id": 1
        },
        {
            "file_path": "images/frame_00002.png",
            "transform_matrix": [
                [
                    -0.6449970733933439,
                    -0.15429813227953412,
                    0.7484456304161767,
                    2.6973017461887983
                ],
                [
                    0.7606186572514826,
                    -0.035113480338500425,
                    0.6482486419110103,
                    2.35314828031564
                ],
                [
                    -0.07374302377155846,
                    0.9874001872967034,
                    0.1400101302458584,
                    0.30308822388672374
                ],
                [
                    0.0,
                    0.0,
                    0.0,
                    1.0
                ]
            ],
            "colmap_im_id": 2
        },
        {
            "file_path": "images/frame_00003.png",
            "transform_matrix": [
                [
                    -0.6775326499784972,
                    -0.15843357374349154,
                    0.7182258077540659,
                    2.5837905463915627
                ],
                [
                    0.730776258638643,
                    -0.03459991183408311,
                    0.6817396173842182,
                    2.4766383222358908
                ],
                [
                    -0.08315989431944844,
                    0.98676321820989,
                    0.13922206421698702,
                    0.29977967780433845
                ],
                [
                    0.0,
                    0.0,
                    0.0,
                    1.0
                ]
            ],
            "colmap_im_id": 3
        },
        {
            "file_path": "images/frame_00004.png",
            "transform_matrix": [
                [
                    -0.7230414574999862,
                    -0.16434449829007816,
                    0.6709708910363245,
                    2.406664208910615
                ],
                [
                    0.6839767761790211,
                    -0.03408993485298545,
                    0.7287068313042451,
                    2.6496606879353743
                ],
                [
                    -0.09688560462757079,
                    0.9858137563574074,
                    0.13705625630538842,
                    0.29122444800665304
                ],
                [
                    0.0,
                    0.0,
                    0.0,
                    1.0
                ]
            ],
            "colmap_im_id": 4
        },
        {
            "file_path": "images/frame_00005.png",
            "transform_matrix": [
                [
                    -0.7440829025734977,
                    -0.1673419897010011,
                    0.6467899910950298,
                    2.3160516078225917
                ],
                [
                    0.6600361304011113,
                    -0.03428516562309582,
                    0.7504510870025602,
                    2.7297204221990445
                ],
                [
                    -0.10340667610423374,
                    0.985302585960834,
                    0.13596276488791764,
                    0.2869114870107182
                ],
                [
                    0.0,
                    0.0,
                    0.0,
                    1.0
                ]
            ],
            "colmap_im_id": 5
        },
        {
            "file_path": "images/frame_00006.png",
            "transform_matrix": [
                [
                    -0.770934910375339,
                    -0.17107775987034338,
                    0.6135077538567162,
                    2.1917292403745576
                ],
                [
                    0.6269955827124893,
                    -0.03452069741631857,
                    0.7782575799238428,
                    2.83185614347547
                ],
                [
                    -0.11196384784203281,
                    0.9846525892555384,
                    0.13387821050779702,
                    0.27880776799265156
                ],
                [
                    0.0,
                    0.0,
                    0.0,
                    1.0
                ]
            ],
            "colmap_im_id": 6
        },
        {
            "file_path": "images/frame_00007.png",
            "transform_matrix": [
                [
                    -0.8023171737426931,
                    -0.17597506589864031,
                    0.5703682397359684,
                    2.030456692547346
                ],
                [
                    0.5841344680210995,
                    -0.03492923631120051,
                    0.8109049708322327,
                    2.952043419013019
                ],
                [
                    -0.12277652864959601,
                    0.983774732666318,
                    0.13081742766187324,
                    0.26708275764448086
                ],
                [
                    0.0,
                    0.0,
                    0.0,
                    1.0
                ]
            ],
            "colmap_im_id": 7
        },
        {
            "file_path": "images/frame_00008.png",
            "transform_matrix": [
                [
                    -0.842468912032521,
                    -0.18277033667764822,
                    0.5067949647436127,
                    1.792706041066534
                ],
                [
                    0.5208455171425136,
                    -0.03584695948322173,
                    0.85289796738435,
                    3.1058768194282913
                ],
                [
                    -0.13771739008305442,
                    0.9825019081541508,
                    0.1253950594806847,
                    0.24646633281571695
                ],
                [
                    0.0,
                    0.0,
                    0.0,
                    1.0
                ]
            ],
            "colmap_im_id": 8
        },
        {
            "file_path": "images/frame_00009.png",
            "transform_matrix": [
                [
                    -0.8728990385908085,
                    -0.18831949437572937,
                    0.45009225328293695,
                    1.5811840515196272
                ],
                [
                    0.4643200812503137,
                    -0.03731092491833463,
                    0.8848812106884404,
                    3.222311677504603
                ],
                [
                    -0.14984702391086668,
                    0.9813988296914807,
                    0.12000919341970483,
                    0.2260751502844391
                ],
                [
                    0.0,
                    0.0,
                    0.0,
                    1.0
                ]
            ],
            "colmap_im_id": 9
        },
        {
            "file_path": "images/frame_00010.png",
            "transform_matrix": [
                [
                    -0.8819289544325924,
                    -0.19009424967497413,
                    0.4313530984865435,
                    1.5111197197855701
                ],
                [
                    0.4455790783179093,
                    -0.037580398560203704,
                    0.8944534636354301,
                    3.257553498760076
                ],
                [
                    -0.15382003867765584,
                    0.9810463240258153,
                    0.1178452621730701,
                    0.21790891014253863
                ],
                [
                    0.0,
                    0.0,
                    0.0,
                    1.0
                ]
            ],
            "colmap_im_id": 10
        },
        {
            "file_path": "images/frame_00011.png",
            "transform_matrix": [
                [
                    -0.914694798703367,
                    -0.19736345213962456,
                    0.35267703779029513,
                    1.2179389842558614
                ],
                [
                    0.3669419835029341,
                    -0.039852845642679956,
                    0.9293897629289412,
                    3.3844304750751006
                ],
                [
                    -0.1693723884461088,
                    0.9795199939019678,
                    0.10887412722198772,
                    0.18424009499609778
                ],
                [
                    0.0,
                    0.0,
                    0.0,
                    1.0
                ]
            ],
            "colmap_im_id": 11
        },
        {
            "file_path": "images/frame_00012.png",
            "transform_matrix": [
                [
                    -0.9286883094489734,
                    -0.2011322768916822,
                    0.31158278367903225,
                    1.0644532546408074
                ],
                [
                    0.3257994844154952,
                    -0.04107674384327574,
                    0.9445461328436161,
                    3.4397082198142117
                ],
                [
                    -0.1771799081369116,
                    0.9787024615824779,
                    0.10367628390810499,
                    0.16462361408745002
                ],
                [
                    0.0,
                    0.0,
                    0.0,
                    1.0
                ]
            ],
            "colmap_im_id": 12
        },
        {
            "file_path": "images/frame_00013.png",
            "transform_matrix": [
                [
                    -0.9348922583810741,
                    -0.20302104304044905,
                    0.291133854613135,
                    0.9881247337729759
                ],
                [
                    0.30539269064919683,
                    -0.04214095255691631,
                    0.9512935638464285,
                    3.4638790599885123
                ],
                [
                    -0.1808639536148037,
                    0.9782671394871465,
                    0.10139839289879435,
                    0.1559999652833131
                ],
                [
                    0.0,
                    0.0,
                    0.0,
                    1.0
                ]
            ],
            "colmap_im_id": 13
        },
        {
            "file_path": "images/frame_00014.png",
            "transform_matrix": [
                [
                    -0.9531690159956243,
                    -0.20918561966421673,
                    0.21842665467298475,
                    0.7172773005565048
                ],
                [
                    0.23256307222076353,
                    -0.04524312584563512,
                    0.9715284231575296,
                    3.5366668743405003
                ],
                [
                    -0.19334747059419627,
                    0.976828764978496,
                    0.09177319611636464,
                    0.11965469547541734
                ],
                [
                    0.0,
                    0.0,
                    0.0,
                    1.0
                ]
            ],
            "colmap_im_id": 14
        },
        {
            "file_path": "images/frame_00015.png",
            "transform_matrix": [
                [
                    -0.9612969452025586,
                    -0.2125380815884967,
                    0.17531613450823919,
                    0.5568239516987672
                ],
                [
                    0.1892753763605564,
                    -0.04705260075788312,
                    0.9807960464161186,
                    3.5696377872362923
                ],
                [
                    -0.20020743005143254,
                    0.9760192706276862,
                    0.08545974675600199,
                    0.09595781175659222
                ],
                [
                    0.0,
                    0.0,
                    0.0,
                    1.0
                ]
            ],
            "colmap_im_id": 15
        },
        {
            "file_path": "images/frame_00016.png",
            "transform_matrix": [
                [
                    -0.9715298337398022,
                    -0.21918995996171856,
                    0.0899196508305757,
                    0.23905525974200412
                ],
                [
                    0.10362361575023259,
                    -0.05182420408616603,
                    0.9932655224710478,
                    3.613139298032785
                ],
                [
                    -0.2130538157657839,
                    0.9743048872518375,
                    0.07306201656691244,
                    0.049561403572348256
                ],
                [
                    0.0,
                    0.0,
                    0.0,
                    1.0
                ]
            ],
            "colmap_im_id": 16
        },
        {
            "file_path": "images/frame_00017.png",
            "transform_matrix": [
                [
                    -0.9733466055869885,
                    -0.2215745620913541,
                    0.059170083879547024,
                    0.12451663648488367
                ],
                [
                    0.07266732620589562,
                    -0.053259937327043004,
                    0.9959331497535392,
                    3.622075136988413
                ],
                [
                    -0.21752205656984283,
                    0.9736878824910703,
                    0.06794161019347393,
                    0.03030353075488372
                ],
                [
                    0.0,
                    0.0,
                    0.0,
                    1.0
                ]
            ],
            "colmap_im_id": 17
        },
        {
            "file_path": "images/frame_00018.png",
            "transform_matrix": [
                [
                    -0.974294883952882,
                    -0.22465482214622756,
                    0.01672393463534094,
                    -0.03338810337905688
                ],
                [
                    0.03001419194591382,
                    -0.05587421249686397,
                    0.9979865834066554,
                    3.6280124203627393
                ],
                [
                    -0.2232680617219448,
                    0.9728351778509565,
                    0.061180792334062734,
                    0.0048144219494215415
                ],
                [
                    0.0,
                    0.0,
                    0.0,
                    1.0
                ]
            ],
            "colmap_im_id": 18
        },
        {
            "file_path": "images/frame_00019.png",
            "transform_matrix": [
                [
                    -0.9730254892227477,
                    -0.22804159795283307,
                    -0.034905972640087025,
                    -0.2249267130553705
                ],
                [
                    -0.022009031307967542,
                    -0.05885612129030348,
                    0.9980238271341749,
                    3.62662575502694
                ],
                [
                    -0.22964537849414032,
                    0.9718708692978607,
                    0.05224953154338807,
                    -0.02856006977592364
                ],
                [
                    0.0,
                    0.0,
                    0.0,
                    1.0
                ]
            ],
            "colmap_im_id": 19
        },
        {
            "file_path": "images/frame_00020.png",
            "transform_matrix": [
                [
                    -0.9675331609664477,
                    -0.23248626898078567,
                    -0.09914493010571471,
                    -0.46367536232425544
                ],
                [
                    -0.08673142620722925,
                    -0.06304801315124216,
                    0.9942346844411233,
                    3.610920589564282
                ],
                [
                    -0.23739680313418968,
                    0.9705540081690842,
                    0.04083717777457446,
                    -0.07116675013820745
                ],
                [
                    0.0,
                    0.0,
                    0.0,
                    1.0
                ]
            ],
            "colmap_im_id": 20
        },
        {
            "file_path": "images/frame_00021.png",
            "transform_matrix": [
                [
                    -0.9557851239541102,
                    -0.23700441267667344,
                    -0.17407959443832383,
                    -0.742144131168315
                ],
                [
                    -0.16242343972022186,
                    -0.0680057671109955,
                    0.984374848250958,
                    3.572321871868155
                ],
                [
                    -0.245139599121557,
                    0.969125442866624,
                    0.02650382861196092,
                    -0.12485631303947281
                ],
                [
                    0.0,
                    0.0,
                    0.0,
                    1.0
                ]
            ],
            "colmap_im_id": 21
        },
        {
            "file_path": "images/frame_00022.png",
            "transform_matrix": [
                [
                    -0.9511817275478841,
                    -0.2382900616181048,
                    -0.19614068347250557,
                    -0.8239020455072835
                ],
                [
                    -0.18475379958036578,
                    -0.06944403313642189,
                    0.9803282918504211,
                    3.556397689454352
                ],
                [
                    -0.24722328919347344,
                    0.9687080947301863,
                    0.022028901120409963,
                    -0.14156054077301714
                ],
                [
                    0.0,
                    0.0,
                    0.0,
                    1.0
                ]
            ],
            "colmap_im_id": 22
        },
        {
            "file_path": "images/frame_00023.png",
            "transform_matrix": [
                [
                    -0.928684284663385,
                    -0.24297649781927982,
                    -0.2801926496657846,
                    -1.1356975994428162
                ],
                [
                    -0.2696445333509,
                    -0.0763461597591538,
                    0.9599286898119067,
                    3.4774805447741137
                ],
                [
                    -0.25463174400147165,
                    0.9670231048933149,
                    0.005384194393010618,
                    -0.203797352937648
                ],
                [
                    0.0,
                    0.0,
                    0.0,
                    1.0
                ]
            ],
            "colmap_im_id": 23
        },
        {
            "file_path": "images/frame_00024.png",
            "transform_matrix": [
                [
                    -0.915021719990883,
                    -0.24488467407902942,
                    -0.3205725321142356,
                    -1.285438363558145
                ],
                [
                    -0.3104267744866402,
                    -0.08005994998101205,
                    0.9472199438836038,
                    3.429185113775163
                ],
                [
                    -0.25762466812544504,
                    0.9662411193952808,
                    -0.002762166361555545,
                    -0.23419722246617392
                ],
                [
                    0.0,
                    0.0,
                    0.0,
                    1.0
                ]
            ],
            "colmap_im_id": 24
        },
        {
            "file_path": "images/frame_00025.png",
            "transform_matrix": [
                [
                    -0.9071808169776671,
                    -0.24575413685896605,
                    -0.3415082276087011,
                    -1.3626634662178816
                ],
                [
                    -0.33175041264406757,
                    -0.08141485217157571,
                    0.9398474799436185,
                    3.4010523517876625
                ],
                [
                    -0.25877524807875774,
                    0.9659071001201851,
                    -0.007671044204822582,
                    -0.2524639572504136
                ],
                [
                    0.0,
                    0.0,
                    0.0,
                    1.0
                ]
            ],
            "colmap_im_id": 25
        },
        {
            "file_path": "images/frame_00026.png",
            "transform_matrix": [
                [
                    -0.8674003174967138,
                    -0.24959169062842018,
                    -0.43048888159376053,
                    -1.6920645299198025
                ],
                [
                    -0.421964885617693,
                    -0.08959958073980322,
                    0.9021737917036265,
                    3.258223752618759
                ],
                [
                    -0.26374670521590815,
                    0.9641970250423396,
                    -0.02760022440587021,
                    -0.3268551336011325
                ],
                [
                    0.0,
                    0.0,
                    0.0,
                    1.0
                ]
            ],
            "colmap_im_id": 26
        },
        {
            "file_path": "images/frame_00027.png",
            "transform_matrix": [
                [
                    -0.8472778312265877,
                    -0.2505756151051472,
                    -0.46832909137341316,
                    -1.831532147353578
                ],
                [
                    -0.4603210775620322,
                    -0.09349754913505084,
                    0.8828152206763702,
                    3.184840348774762
                ],
                [
                    -0.2649995891772271,
                    0.9635715175431535,
                    -0.036126836499823164,
                    -0.3585304444336164
                ],
                [
                    0.0,
                    0.0,
                    0.0,
                    1.0
                ]
            ],
            "colmap_im_id": 27
        },
        {
            "file_path": "images/frame_00028.png",
            "transform_matrix": [
                [
                    -0.8361411726183516,
                    -0.25151171296171954,
                    -0.48745235428241485,
                    -1.9024828302404158
                ],
                [
                    -0.4797666574485099,
                    -0.09542054657949683,
                    0.8721919935949616,
                    3.144521692703879
                ],
                [
                    -0.2658794724176565,
                    0.9631390229523106,
                    -0.040881886127928736,
                    -0.37627297966373896
                ],
                [
                    0.0,
                    0.0,
                    0.0,
                    1.0
                ]
            ],
            "colmap_im_id": 28
        },
        {
            "file_path": "images/frame_00029.png",
            "transform_matrix": [
                [
                    -0.7952074585480247,
                    -0.25351557045107875,
                    -0.5507948378556712,
                    -2.1366301284322287
                ],
                [
                    -0.5441430484498324,
                    -0.10237281507252831,
                    0.8327233331412355,
                    2.9952214444957215
                ],
                [
                    -0.26749474890792585,
                    0.9618989875620985,
                    -0.05654110923651608,
                    -0.43479033096429054
                ],
                [
                    0.0,
                    0.0,
                    0.0,
                    1.0
                ]
            ],
            "colmap_im_id": 29
        },
        {
            "file_path": "images/frame_00030.png",
            "transform_matrix": [
                [
                    -0.7771383204417283,
                    -0.2540992991060569,
                    -0.5757513153218324,
                    -2.2285271617252143
                ],
                [
                    -0.5696297147937749,
                    -0.10491432219700816,
                    0.815177878148018,
                    2.9295077178468913
                ],
                [
                    -0.2675406864852,
                    0.9614710246241187,
                    -0.06320957113661602,
                    -0.4595309723668228
                ],
                [
                    0.0,
                    0.0,
                    0.0,
                    1.0
                ]
            ],
            "colmap_im_id": 30
        },
        {
            "file_path": "images/frame_00031.png",
            "transform_matrix": [
                [
                    -0.7365359201262601,
                    -0.25480730682510383,
                    -0.6265684916689479,
                    -2.415432435740309
                ],
                [
                    -0.6214997806046441,
                    -0.11062279941664331,
                    0.7755647097164777,
                    2.780808824115101
                ],
                [
                    -0.26693231552613195,
                    0.9606434471945159,
                    -0.07688501993298211,
                    -0.510192825767735
                ],
                [
                    0.0,
                    0.0,
                    0.0,
                    1.0
                ]
            ],
            "colmap_im_id": 31
        },
        {
            "file_path": "images/frame_00032.png",
            "transform_matrix": [
                [
                    -0.6925432868758382,
                    -0.2555127155491936,
                    -0.6746088110867566,
                    -2.5927287199043616
                ],
                [
                    -0.6706196949441297,
                    -0.11654231456353119,
                    0.7325893212907335,
                    2.619892391201324
                ],
                [
                    -0.2658063591343386,
                    0.9597557715944466,
                    -0.09064126176800061,
                    -0.5612506079252122
                ],
                [
                    0.0,
                    0.0,
                    0.0,
                    1.0
                ]
            ],
            "colmap_im_id": 32
        },
        {
            "file_path": "images/frame_00033.png",
            "transform_matrix": [
                [
                    -0.6630412850192601,
                    -0.2558266207172752,
                    -0.703511900746809,
                    -2.6990620537437584
                ],
                [
                    -0.700233572022634,
                    -0.12031381547921492,
                    0.7037027287265952,
                    2.511543824463104
                ],
                [
                    -0.26466809209353354,
                    0.9592066127468122,
                    -0.09936536162242837,
                    -0.5935568471418948
                ],
                [
                    0.0,
                    0.0,
                    0.0,
                    1.0
                ]
            ],
            "colmap_im_id": 33
        },
        {
            "file_path": "images/frame_00034.png",
            "transform_matrix": [
                [
                    -0.6236643639484806,
                    -0.2556860028393485,
                    -0.7386930547208176,
                    -2.8283196681171745
                ],
                [
                    -0.7362953190819114,
                    -0.12520181021142035,
                    0.6649764731310793,
                    2.3663561520289176
                ],
                [
                    -0.26251088403874334,
                    0.9586183675852555,
                    -0.11017649971467278,
                    -0.6337774926086834
                ],
                [
                    0.0,
                    0.0,
                    0.0,
                    1.0
                ]
            ],
            "colmap_im_id": 34
        },
        {
            "file_path": "images/frame_00035.png",
            "transform_matrix": [
                [
                    -0.581327422377504,
                    -0.25535063182932455,
                    -0.7725635784945418,
                    -2.9526396315453836
                ],
                [
                    -0.77104163440873,
                    -0.13041419014032862,
                    0.6232872026749441,
                    2.20989243504544
                ],
                [
                    -0.25991003443545907,
                    0.9580126271789986,
                    -0.1210726235172573,
                    -0.6741551024047738
                ],
                [
                    0.0,
                    0.0,
                    0.0,
                    1.0
                ]
            ],
            "colmap_im_id": 35
        },
        {
            "file_path": "images/frame_00036.png",
            "transform_matrix": [
                [
                    -0.5184097928095103,
                    -0.2546615755796972,
                    -0.8163325110777268,
                    -3.1130637659924507
                ],
                [
                    -0.816185172854487,
                    -0.13746531956929076,
                    0.5611996521098385,
                    1.9776537548273831
                ],
                [
                    -0.2551333971311707,
                    0.9572098870357425,
                    -0.13658763424750212,
                    -0.7317069916500416
                ],
                [
                    0.0,
                    0.0,
                    0.0,
                    1.0
                ]
            ],
            "colmap_im_id": 36
        },
        {
            "file_path": "images/frame_00037.png",
            "transform_matrix": [
                [
                    -0.5008870095918954,
                    -0.2542004052432674,
                    -0.8273417417223954,
                    -3.153413905393459
                ],
                [
                    -0.827521232217267,
                    -0.13944769779226718,
                    0.5438409232579433,
                    1.9127094765285735
                ],
                [
                    -0.2536154842506745,
                    0.9570457113192636,
                    -0.14050869223539417,
                    -0.7461568927248181
                ],
                [
                    0.0,
                    0.0,
                    0.0,
                    1.0
                ]
            ],
            "colmap_im_id": 37
        },
        {
            "file_path": "images/frame_00038.png",
            "transform_matrix": [
                [
                    -0.4162089376021662,
                    -0.25178992719969423,
                    -0.8737115959061371,
                    -3.321912277610554
                ],
                [
                    -0.8755502044175018,
                    -0.1482683060244849,
                    0.4598133849433929,
                    1.5992231310888576
                ],
                [
                    -0.24532011699929407,
                    0.9563568068401053,
                    -0.15874412809943644,
                    -0.8137801848729567
                ],
                [
                    0.0,
                    0.0,
                    0.0,
                    1.0
                ]
            ],
            "colmap_im_id": 38
        },
        {
            "file_path": "images/frame_00039.png",
            "transform_matrix": [
                [
                    -0.40711798315004194,
                    -0.2514885630069664,
                    -0.8780708687073798,
                    -3.3381330120018013
                ],
                [
                    -0.8800254834232859,
                    -0.1494028303498925,
                    0.45081475442697366,
                    1.5653262104146117
                ],
                [
                    -0.2445610278058495,
                    0.9562595343107082,
                    -0.16049176526667697,
                    -0.8203040400309161
                ],
                [
                    0.0,
                    0.0,
                    0.0,
                    1.0
                ]
            ],
            "colmap_im_id": 39
        },
        {
            "file_path": "images/frame_00040.png",
            "transform_matrix": [
                [
                    -0.3169219113046344,
                    -0.24848837795502296,
                    -0.915321816716011,
                    -3.4730210593439437
                ],
                [
                    -0.919031676630175,
                    -0.1580464342207077,
                    0.36111231214187106,
                    1.2308181159332312
                ],
                [
                    -0.23439556200010728,
                    0.9556541480323315,
                    -0.17828031260700855,
                    -0.8861801143746183
                ],
                [
                    0.0,
                    0.0,
                    0.0,
                    1.0
                ]
            ],
            "colmap_im_id": 40
        },
        {
            "file_path": "images/frame_00041.png",
            "transform_matrix": [
                [
                    -0.28761544565576813,
                    -0.2475584563562678,
                    -0.9251984468786876,
                    -3.508925579530714
                ],
                [
                    -0.9294631917618287,
                    -0.16087897254405856,
                    0.3319881494166352,
                    1.1219989578756078
                ],
                [
                    -0.23103144933135822,
                    0.955422820995851,
                    -0.18382519560762653,
                    -0.9066960571515645
                ],
                [
                    0.0,
                    0.0,
                    0.0,
                    1.0
                ]
            ],
            "colmap_im_id": 41
        },
        {
            "file_path": "images/frame_00042.png",
            "transform_matrix": [
                [
                    -0.258459975027973,
                    -0.24616040572193265,
                    -0.9341324830897131,
                    -3.5406375991611494
                ],
                [
                    -0.9389546818559457,
                    -0.16328610336914315,
                    0.3028229744707644,
                    1.0134473940717335
                ],
                [
                    -0.2270738794519071,
                    0.9553756868904163,
                    -0.1889305432409641,
                    -0.9253415983864084
                ],
                [
                    0.0,
                    0.0,
                    0.0,
                    1.0
                ]
            ],
            "colmap_im_id": 42
        },
        {
            "file_path": "images/frame_00043.png",
            "transform_matrix": [
                [
                    -0.1965318923027501,
                    -0.24329633901967976,
                    -0.9498326730153689,
                    -3.5968664503423833
                ],
                [
                    -0.9557395738048674,
                    -0.16878147408422223,
                    0.2409868898285698,
                    0.782918601906064
                ],
                [
                    -0.21894538673192104,
                    0.9551542835718103,
                    -0.19935699687553346,
                    -0.9635753122834181
                ],
                [
                    0.0,
                    0.0,
                    0.0,
                    1.0
                ]
            ],
            "colmap_im_id": 43
        },
        {
            "file_path": "images/frame_00044.png",
            "transform_matrix": [
                [
                    -0.13303410201371743,
                    -0.24015350848952963,
                    -0.9615759044722229,
                    -3.6379872196997525
                ],
                [
                    -0.9686558540943385,
                    -0.173849250281051,
                    0.1774324505424087,
                    0.5463279997584957
                ],
                [
                    -0.20978027559847384,
                    0.9550406957490796,
                    -0.2094982229827796,
                    -1.0008822168766134
                ],
                [
                    0.0,
                    0.0,
                    0.0,
                    1.0
                ]
            ],
            "colmap_im_id": 44
        },
        {
            "file_path": "images/frame_00045.png",
            "transform_matrix": [
                [
                    -0.057297278844024246,
                    -0.23586665303498916,
                    -0.970094811770036,
                    -3.6670626182770767
                ],
                [
                    -0.9784581822499658,
                    -0.17977014279281725,
                    0.10150015442521369,
                    0.26391362109863054
                ],
                [
                    -0.1983345845412804,
                    0.9550128887854457,
                    -0.22048531658256873,
                    -1.0411739141718925
                ],
                [
                    0.0,
